0.0
0.00390625
0.00390625
0.00390625
0.0038671875
0.0037890625
0.0038671875
0.0037890625
0.00375
0.0037890625
0.003828125
0.003828125
0.003671875
0.0037890625
0.003828125
0.00375
0.0034765625
0.0037109375
0.00359375
0.0037109375
0.003515625
0.00359375
0.003515625
0.0035546875
0.003359375
0.00359375
0.0036328125
0.0035546875
0.00359375
0.0035546875
0.00328125
0.0036328125
0.0033203125
0.0033984375
0.00328125
0.0037109375
0.0034765625
0.003515625
0.003515625
0.0032421875
0.003125
0.0032421875
0.00328125
0.00328125
0.0034765625
0.0030859375
0.0031640625
0.003203125
0.0034765625
0.003125
0.003046875
0.0031640625
0.0029296875
0.003125
0.0034375
0.0030078125
0.0030078125
0.0032421875
0.0029296875
0.002890625
0.0028125
0.0030078125
0.00296875
0.00328125
0.0030078125
0.003046875
0.0029296875
0.0026953125
0.0030859375
0.0030859375
0.003046875
0.00265625
0.0030078125
0.00265625
0.002734375
0.00265625
0.00296875
0.0026171875
0.002578125
0.0028515625
0.0025
0.00296875
0.0025390625
0.0027734375
0.00203125
0.002734375
0.00265625
0.0028515625
0.002578125
0.0026171875
0.002578125
0.0023046875
0.002578125
0.0023046875
0.002578125
0.002578125
0.0025390625
0.002421875
0.00265625
0.002578125
0.0023828125
0.0025
0.0025
0.002421875
0.0021875
0.001796875
0.002109375
0.00234375
0.00234375
0.0024609375
0.002109375
0.002265625
0.0026171875
0.002109375
0.0021875
0.0022265625
0.00234375
0.0021484375
0.002421875
0.00203125
0.00203125
0.0020703125
0.0020703125
0.001875
0.0019921875
0.0019140625
0.001953125
0.0019140625
0.001953125
0.002109375
0.0019921875
0.001953125
0.0019140625
0.0019140625
0.001640625
0.0019921875
0.0019140625
0.0015234375
0.001953125
0.00171875
0.001953125
0.0016015625
0.0019921875
0.0018359375
0.00171875
0.0017578125
0.0018359375
0.0016015625
0.0019140625
0.0015625
0.00140625
0.0019140625
0.0012890625
0.0018359375
0.0015625
0.0015234375
0.00171875
0.0014453125
0.0015234375
0.001484375
0.0012109375
0.00140625
0.0011328125
0.0015625
0.0013671875
0.001875
0.0012109375
0.001484375
0.00125
0.000859375
0.001328125
0.0012109375
0.00109375
0.00109375
0.0008984375
0.0011328125
0.0013671875
0.0014453125
0.001484375
0.001171875
0.001015625
0.001015625
0.0009765625
0.0011328125
0.0011328125
0.0012109375
0.00125
0.00125
0.0012109375
0.001171875
0.000859375
0.0009375
0.0009375
0.0012890625
0.001015625
0.0007421875
0.0009765625
0.0008984375
0.0005859375
0.0009765625
0.00109375
0.00078125
0.0008203125
0.0009765625
0.000703125
0.0010546875
0.0009765625
0.000625
0.00046875
0.001015625
0.000703125
0.0006640625
0.000859375
0.000546875
0.000625
0.0003515625
0.0008203125
0.000625
0.0005859375
0.0006640625
0.0005078125
0.0008203125
0.00046875
0.0004296875
0.0005078125
0.00046875
0.0005078125
0.000390625
0.0003125
0.0004296875
0.00015625
0.0005859375
0.000546875
0.0003515625
0.000234375
0.0003515625
0.00015625
0.000546875
0.0003125
0.000234375
0.0004296875
0.0002734375
0.0002734375
0.000234375
0.0003125
0.000234375
0.00015625
7.8125e-05
0.0001171875
3.90625e-05
0.0001171875
3.90625e-05
0.0001171875
0.0
0.0
0.0
