0.0
0.0024609375
0.0043359375
0.0055859375
0.005859375
0.0068359375
0.0062890625
0.00765625
0.0078515625
0.0090625
0.0084765625
0.012265625
0.0129296875
0.010703125
0.0119140625
0.01234375
0.012421875
0.0133203125
0.0118359375
0.01265625
0.0135546875
0.014296875
0.0140234375
0.0147265625
0.01359375
0.015234375
0.01609375
0.0157421875
0.0146875
0.0160546875
0.015546875
0.0153515625
0.016796875
0.0169140625
0.015546875
0.017109375
0.017578125
0.0174609375
0.0196875
0.018125
0.017890625
0.0187109375
0.0201953125
0.01921875
0.018671875
0.0185546875
0.0149609375
0.01953125
0.0184765625
0.01984375
0.01921875
0.0159375
0.0201953125
0.0190234375
0.01953125
0.0192578125
0.0218359375
0.0175390625
0.0210546875
0.01984375
0.0198046875
0.0171484375
0.022578125
0.01953125
0.02171875
0.0229296875
0.02296875
0.0248828125
0.0241015625
0.0223828125
0.0208203125
0.02515625
0.0209765625
0.0239453125
0.02484375
0.0234375
0.0228515625
0.0244140625
0.025234375
0.024375
0.0228125
0.0251953125
0.024140625
0.022265625
0.0224609375
0.0261328125
0.026640625
0.023359375
0.024453125
0.0225
0.024375
0.0269140625
0.0280078125
0.0234765625
0.0239453125
0.025390625
0.0219921875
0.024609375
0.025546875
0.0237890625
0.0235546875
0.0246875
0.02328125
0.02609375
0.0243359375
0.0249609375
0.02375
0.026484375
0.0202734375
0.025
0.0265625
0.0237109375
0.023359375
0.023515625
0.0258984375
0.02484375
0.026953125
0.0232421875
0.026953125
0.023203125
0.0253125
0.0227734375
0.02234375
0.02265625
0.0256640625
0.0284375
0.024609375
0.02421875
0.02546875
0.0276171875
0.024296875
0.0270703125
0.0260546875
0.0279296875
0.0231640625
0.025625
0.0246484375
0.02421875
0.021875
0.0252734375
0.02328125
0.0241796875
0.0227734375
0.025234375
0.0250390625
0.0271484375
0.0246875
0.024375
0.025078125
0.023515625
0.0220703125
0.0278515625
0.025234375
0.0231640625
0.0224609375
0.02375
0.022265625
0.0248046875
0.025859375
0.025546875
0.0228515625
0.0235546875
0.0265234375
0.0219140625
0.0244140625
0.025234375
0.0240625
0.0239453125
0.023125
0.022890625
0.0259765625
0.0254296875
0.0205078125
0.0221484375
0.023203125
0.021640625
0.0222265625
0.0253125
0.0229296875
0.02359375
0.0191796875
0.0215234375
0.0237109375
0.023671875
0.023984375
0.0221875
0.019765625
0.020546875
0.0210546875
0.0244140625
0.0219921875
0.019765625
0.024609375
0.0224609375
0.0182421875
0.0259765625
0.0205859375
0.0202734375
0.0216015625
0.018515625
0.0185546875
0.018515625
0.0194921875
0.01796875
0.0208984375
0.0180078125
0.0202734375
0.0192578125
0.01828125
0.0176171875
0.0209765625
0.0196875
0.0162109375
0.0203125
0.01953125
0.0165234375
0.018046875
0.0162890625
0.0173046875
0.0183203125
0.01625
0.017265625
0.014453125
0.014375
0.0150390625
0.015859375
0.0153515625
0.016640625
0.0145703125
0.0165625
0.0153515625
0.015234375
0.0126171875
0.0123828125
0.0119140625
0.01296875
0.011796875
0.013203125
0.012109375
0.0133203125
0.0113671875
0.01171875
0.0101171875
0.01
0.0105859375
0.0101171875
0.008984375
0.00921875
0.0093359375
0.0076171875
0.0067578125
0.0078125
0.0061328125
0.0051171875
0.0043359375
0.0028125
