0.0
0.004296875
0.00546875
0.0046875
0.00703125
0.00625
0.00390625
0.00859375
0.01484375
0.010546875
0.0109375
0.01171875
0.011328125
0.01328125
0.01171875
0.01484375
0.012890625
0.015234375
0.016015625
0.018359375
0.01171875
0.01640625
0.014453125
0.017578125
0.012109375
0.00859375
0.014453125
0.01328125
0.016015625
0.016015625
0.014453125
0.011328125
0.013671875
0.0171875
0.016015625
0.017578125
0.012890625
0.0125
0.025390625
0.02578125
0.015625
0.0203125
0.021484375
0.019140625
0.014453125
0.01015625
0.01953125
0.018359375
0.020703125
0.018359375
0.0234375
0.025
0.0171875
0.0234375
0.019921875
0.0203125
0.01796875
0.03046875
0.021484375
0.0203125
0.022265625
0.019921875
0.02890625
0.015234375
0.023828125
0.026953125
0.022265625
0.030078125
0.023828125
0.019921875
0.035546875
0.0265625
0.012890625
0.01328125
0.019140625
0.0203125
0.01484375
0.021875
0.0234375
0.030078125
0.018359375
0.023828125
0.030078125
0.0296875
0.023828125
0.0265625
0.02578125
0.01953125
0.028125
0.01484375
0.01328125
0.0171875
0.0265625
0.022265625
0.0265625
0.026953125
0.02578125
0.01328125
0.021484375
0.037109375
0.026171875
0.01953125
0.02890625
0.026953125
0.01484375
0.0203125
0.025390625
0.03359375
0.0234375
0.01796875
0.024609375
0.021484375
0.03203125
0.026953125
0.02890625
0.0390625
0.021875
0.02890625
0.023828125
0.02421875
0.03203125
0.022265625
0.02265625
0.034375
0.0203125
0.021875
0.02265625
0.029296875
0.024609375
0.019921875
0.01328125
0.024609375
0.0171875
0.023046875
0.0265625
0.023828125
0.01796875
0.023046875
0.02890625
0.017578125
0.01875
0.020703125
0.02890625
0.02578125
0.02265625
0.02265625
0.017578125
0.019140625
0.015234375
0.014453125
0.019140625
0.026171875
0.021484375
0.027734375
0.029296875
0.02421875
0.024609375
0.0328125
0.01953125
0.0234375
0.020703125
0.026953125
0.01484375
0.01484375
0.025390625
0.01875
0.028515625
0.020703125
0.02578125
0.015625
0.027734375
0.014453125
0.01484375
0.026171875
0.026171875
0.03671875
0.026953125
0.020703125
0.017578125
0.0234375
0.0203125
0.019140625
0.016015625
0.02578125
0.01953125
0.025390625
0.023828125
0.016796875
0.012109375
0.024609375
0.021484375
0.02578125
0.02421875
0.01796875
0.021875
0.026953125
0.01953125
0.015625
0.020703125
0.021484375
0.017578125
0.02265625
0.026953125
0.018359375
0.01015625
0.023828125
0.0234375
0.01640625
0.012109375
0.019140625
0.01875
0.018359375
0.0203125
0.013671875
0.0140625
0.021484375
0.020703125
0.019921875
0.021484375
0.015234375
0.023046875
0.012109375
0.0140625
0.013671875
0.010546875
0.016015625
0.01640625
0.014453125
0.0171875
0.0171875
0.015234375
0.015234375
0.01328125
0.008984375
0.01328125
0.02109375
0.008984375
0.008984375
0.01171875
0.016015625
0.00859375
0.013671875
0.009375
0.014453125
0.011328125
0.006640625
0.00859375
0.008984375
0.00703125
0.008984375
0.0078125
0.006640625
0.00546875
0.002734375
0.0046875
0.002734375
