0.0
0.003203125
0.0044921875
0.0050390625
0.006328125
0.006796875
0.0068359375
0.0071484375
0.0079296875
0.009375
0.010546875
0.0096484375
0.01078125
0.0096875
0.011875
0.0112109375
0.010625
0.013203125
0.012734375
0.014609375
0.013671875
0.0141015625
0.011796875
0.013984375
0.0152734375
0.01453125
0.016171875
0.013125
0.01515625
0.0155859375
0.014765625
0.016484375
0.0173046875
0.0152734375
0.017890625
0.01671875
0.01765625
0.01765625
0.0177734375
0.01875
0.01921875
0.0165234375
0.0173046875
0.01796875
0.0187890625
0.01625
0.02328125
0.0213671875
0.0197265625
0.02046875
0.01890625
0.019140625
0.020859375
0.01734375
0.0215625
0.02109375
0.01984375
0.020859375
0.0221875
0.02046875
0.0203125
0.0239453125
0.0207421875
0.0205078125
0.022109375
0.02234375
0.02234375
0.02078125
0.0229296875
0.0205078125
0.0206640625
0.0201171875
0.02265625
0.023203125
0.025390625
0.0212109375
0.0244921875
0.0244140625
0.023046875
0.02109375
0.0253125
0.0194140625
0.0246875
0.026015625
0.023125
0.02421875
0.02125
0.02328125
0.025703125
0.02046875
0.0228125
0.0234765625
0.0233984375
0.0217578125
0.0223046875
0.0216015625
0.02234375
0.023046875
0.0246484375
0.0253125
0.031171875
0.0240234375
0.0237890625
0.02265625
0.027109375
0.0287890625
0.0243359375
0.0251953125
0.0231640625
0.023046875
0.02453125
0.026484375
0.0236328125
0.0243359375
0.0241796875
0.022734375
0.0242578125
0.02296875
0.0270703125
0.0242578125
0.0250390625
0.0276953125
0.0246875
0.0245703125
0.0252734375
0.0230859375
0.025390625
0.026015625
0.02671875
0.0226171875
0.0240625
0.025859375
0.0248046875
0.025390625
0.0243359375
0.026015625
0.023984375
0.026796875
0.022421875
0.021796875
0.0273046875
0.0246484375
0.025625
0.02703125
0.020859375
0.025859375
0.024765625
0.0256640625
0.02203125
0.0254296875
0.02265625
0.022890625
0.0198828125
0.02421875
0.02390625
0.0254296875
0.021640625
0.0221484375
0.0249609375
0.0230859375
0.0265234375
0.0253125
0.0221484375
0.0242578125
0.0244921875
0.0242578125
0.0228515625
0.0233203125
0.0213671875
0.0252734375
0.023125
0.0229296875
0.0246484375
0.023203125
0.0223828125
0.02453125
0.0221875
0.0230859375
0.0222265625
0.025546875
0.024453125
0.01953125
0.0224609375
0.0243359375
0.0238671875
0.0241796875
0.0233984375
0.0207421875
0.022109375
0.02203125
0.0215625
0.0230859375
0.019296875
0.018046875
0.020546875
0.018828125
0.0214453125
0.021328125
0.020234375
0.0216015625
0.01828125
0.0203125
0.0208984375
0.0178125
0.0179296875
0.019765625
0.0202734375
0.0198046875
0.0191796875
0.018671875
0.020234375
0.01953125
0.020625
0.017578125
0.0181640625
0.0177734375
0.0167578125
0.016796875
0.0144921875
0.0164453125
0.01796875
0.0170703125
0.0195703125
0.0157421875
0.0174609375
0.015625
0.0160546875
0.0180859375
0.015078125
0.0172265625
0.01578125
0.0146875
0.0142578125
0.014921875
0.0130859375
0.01609375
0.0140625
0.013203125
0.013046875
0.011796875
0.01125
0.01
0.0119921875
0.0120703125
0.0105859375
0.0094921875
0.0098828125
0.0095703125
0.008984375
0.0068359375
0.0076171875
0.0064453125
0.0059765625
0.0053515625
0.00453125
0.0029296875
