0.0
0.003125
0.0041796875
0.0048828125
0.005390625
0.006875
0.0077734375
0.0070703125
0.006875
0.0083203125
0.00953125
0.0094921875
0.0096875
0.009296875
0.00859375
0.0098046875
0.0104296875
0.01015625
0.01
0.012421875
0.0105078125
0.011953125
0.0096875
0.0119140625
0.009765625
0.0121875
0.011953125
0.012265625
0.0110546875
0.01140625
0.013203125
0.012734375
0.010546875
0.013125
0.01375
0.012109375
0.012578125
0.01125
0.01234375
0.0129296875
0.011640625
0.0116015625
0.012421875
0.01171875
0.01234375
0.0140625
0.0159765625
0.0133984375
0.01203125
0.0133203125
0.015234375
0.013828125
0.0132421875
0.013046875
0.0105859375
0.012890625
0.012890625
0.0130859375
0.013359375
0.0123828125
0.01140625
0.012734375
0.0115234375
0.011640625
0.0090625
0.0092578125
0.0121875
0.0119140625
0.0097265625
0.0129296875
0.0112109375
0.01234375
0.010234375
0.01609375
0.0146875
0.0144921875
0.01421875
0.01203125
0.0117578125
0.014140625
0.0142578125
0.013046875
0.014296875
0.0140625
0.0134375
0.01390625
0.0120703125
0.0142578125
0.01265625
0.0120703125
0.01328125
0.0131640625
0.0130859375
0.011875
0.0120703125
0.0121484375
0.01078125
0.0124609375
0.010078125
0.012265625
0.01171875
0.0110546875
0.009765625
0.011875
0.011953125
0.0105078125
0.01125
0.0119140625
0.011171875
0.0113671875
0.011015625
0.0097265625
0.00890625
0.010078125
0.010078125
0.0083203125
0.010390625
0.0089453125
0.0085546875
0.00828125
0.0076953125
0.00859375
0.007265625
0.0058984375
0.005546875
0.005546875
0.0044140625
0.003359375
0.001875
0.00265625
0.0038671875
0.0047265625
0.00546875
0.0061328125
0.0075
0.0065234375
0.00703125
0.0090625
0.009296875
0.0080859375
0.01015625
0.0099609375
0.0094921875
0.0106640625
0.00875
0.0103515625
0.0102734375
0.0105078125
0.01109375
0.011953125
0.0113671875
0.011875
0.011953125
0.0108203125
0.011171875
0.0108203125
0.011484375
0.012734375
0.0141796875
0.01078125
0.0117578125
0.013515625
0.01234375
0.013828125
0.0152734375
0.0138671875
0.0121875
0.0131640625
0.0134765625
0.012578125
0.0125
0.0128125
0.0135546875
0.0116015625
0.0153515625
0.0163671875
0.0140234375
0.0155078125
0.013125
0.0108203125
0.0121875
0.0139453125
0.0133203125
0.01296875
0.0130078125
0.0126171875
0.0121875
0.0124609375
0.0148046875
0.0100390625
0.01109375
0.011875
0.011015625
0.0134765625
0.01109375
0.011796875
0.0106640625
0.0136328125
0.0114453125
0.013046875
0.01296875
0.0121484375
0.0146484375
0.013046875
0.015234375
0.0112109375
0.0123046875
0.012265625
0.0126171875
0.01125
0.0121484375
0.013671875
0.013984375
0.0128515625
0.012265625
0.015234375
0.01375
0.0144921875
0.014140625
0.01203125
0.0140234375
0.013671875
0.0130859375
0.01140625
0.0127734375
0.0101953125
0.0127734375
0.012578125
0.0125
0.0118359375
0.01140625
0.0112890625
0.010859375
0.0139453125
0.0121484375
0.0096484375
0.011953125
0.0112109375
0.011484375
0.0124609375
0.0091796875
0.010703125
0.0099609375
0.01109375
0.008828125
0.0078125
0.0087109375
0.0085546875
0.008203125
0.00703125
0.0066796875
0.0062890625
0.0058203125
0.0041015625
0.003984375
0.002890625
