0.0
0.0028125
0.0044140625
0.0051953125
0.006484375
0.00609375
0.0068359375
0.0098046875
0.0088671875
0.009453125
0.0101953125
0.0097265625
0.00953125
0.0112109375
0.0115625
0.009921875
0.0125390625
0.0136328125
0.011953125
0.0134765625
0.0118359375
0.0140625
0.0128515625
0.0140625
0.014453125
0.015703125
0.014921875
0.0151171875
0.017265625
0.015390625
0.0177734375
0.01640625
0.0180078125
0.01671875
0.0160546875
0.0173046875
0.0162109375
0.018515625
0.019765625
0.0180859375
0.017109375
0.0181640625
0.019140625
0.0183984375
0.0194140625
0.0208203125
0.0211328125
0.016953125
0.018671875
0.019296875
0.0191015625
0.0232421875
0.0215234375
0.0196875
0.02125
0.0209765625
0.021484375
0.0205859375
0.018984375
0.02171875
0.0190625
0.02328125
0.0208203125
0.020703125
0.0224609375
0.025390625
0.0212109375
0.0229296875
0.021484375
0.02109375
0.02390625
0.0227734375
0.0230859375
0.0225390625
0.0212109375
0.0210546875
0.020859375
0.01953125
0.02421875
0.02046875
0.0228515625
0.02125
0.0219140625
0.0269921875
0.0208984375
0.0226953125
0.0246875
0.026796875
0.022265625
0.021484375
0.02640625
0.0261328125
0.02484375
0.0240625
0.0221484375
0.0240625
0.0202734375
0.022734375
0.023125
0.0222265625
0.0241015625
0.02359375
0.0276953125
0.022734375
0.0209765625
0.0219140625
0.0276953125
0.02171875
0.0248046875
0.023984375
0.020546875
0.0248046875
0.0241796875
0.026171875
0.02390625
0.024296875
0.022421875
0.029609375
0.0285546875
0.0233984375
0.0283203125
0.0224609375
0.0249609375
0.0256640625
0.0271875
0.021796875
0.0223046875
0.0266015625
0.024375
0.0248046875
0.0239453125
0.0244921875
0.0287109375
0.0273828125
0.0256640625
0.02171875
0.024765625
0.02515625
0.0252734375
0.0239453125
0.023515625
0.02421875
0.022109375
0.0213671875
0.0273046875
0.0215234375
0.025859375
0.0235546875
0.023359375
0.0234765625
0.0250390625
0.024921875
0.0254296875
0.022890625
0.028203125
0.0216796875
0.02390625
0.0241796875
0.025703125
0.0244140625
0.023125
0.0241796875
0.02296875
0.022109375
0.0209375
0.0239453125
0.0205078125
0.02421875
0.0256640625
0.0221875
0.02171875
0.0253515625
0.0217578125
0.026171875
0.0244921875
0.0248046875
0.020546875
0.02109375
0.02046875
0.02609375
0.021953125
0.022265625
0.02
0.0236328125
0.0230859375
0.020859375
0.02015625
0.0212109375
0.0205859375
0.0203515625
0.0198828125
0.0227734375
0.0225390625
0.0198828125
0.021171875
0.021953125
0.0191796875
0.0198046875
0.021171875
0.019609375
0.021953125
0.0221484375
0.02046875
0.02046875
0.0181640625
0.019453125
0.0205859375
0.0203515625
0.0186328125
0.0184765625
0.019375
0.020546875
0.0190625
0.017265625
0.0201171875
0.0200390625
0.0184375
0.0189453125
0.01765625
0.0173828125
0.0162890625
0.015078125
0.018828125
0.016953125
0.017421875
0.015703125
0.0171875
0.0146875
0.0178515625
0.0152734375
0.0144140625
0.014765625
0.0148046875
0.0134765625
0.0146875
0.0152734375
0.0122265625
0.0131640625
0.01359375
0.013203125
0.01109375
0.0118359375
0.01078125
0.0104296875
0.010703125
0.0103515625
0.009609375
0.0094921875
0.0076953125
0.0087109375
0.0076171875
0.006953125
0.0052734375
0.0046484375
0.0046484375
0.0026171875
