0.0
0.001162109375
0.0016015625
0.0017138671875
0.002265625
0.002470703125
0.0027197265625
0.0028662109375
0.0027880859375
0.0027880859375
0.0033935546875
0.0035888671875
0.00373046875
0.0035986328125
0.0039892578125
0.0045068359375
0.0046337890625
0.0042041015625
0.004560546875
0.00416015625
0.0048779296875
0.0047314453125
0.0049365234375
0.0047412109375
0.005673828125
0.0055126953125
0.005966796875
0.0056396484375
0.0052978515625
0.0059716796875
0.00572265625
0.00611328125
0.00556640625
0.0064599609375
0.0059521484375
0.006025390625
0.0064501953125
0.0055224609375
0.00564453125
0.0062548828125
0.0065771484375
0.00685546875
0.00658203125
0.00666015625
0.0078466796875
0.0074169921875
0.006396484375
0.00650390625
0.0066357421875
0.0068505859375
0.0070361328125
0.0077734375
0.00666015625
0.006494140625
0.0067138671875
0.0075830078125
0.0072705078125
0.00775390625
0.007529296875
0.007822265625
0.00724609375
0.008427734375
0.00705078125
0.00732421875
0.0081396484375
0.007958984375
0.00779296875
0.0070166015625
0.0083935546875
0.00701171875
0.009091796875
0.0079833984375
0.0070849609375
0.00892578125
0.0068115234375
0.007265625
0.00765625
0.0077099609375
0.0063232421875
0.008369140625
0.0077001953125
0.0065576171875
0.0092041015625
0.0080712890625
0.0077001953125
0.007607421875
0.007939453125
0.00822265625
0.00783203125
0.00802734375
0.0089794921875
0.0083544921875
0.008837890625
0.0106640625
0.008603515625
0.00783203125
0.007705078125
0.0080419921875
0.00869140625
0.00939453125
0.0097509765625
0.0088037109375
0.009013671875
0.0091796875
0.0085302734375
0.008681640625
0.0087353515625
0.00974609375
0.008076171875
0.0089111328125
0.007470703125
0.00935546875
0.009912109375
0.010185546875
0.0079345703125
0.01056640625
0.0090478515625
0.0079833984375
0.0097802734375
0.0090966796875
0.0093603515625
0.0083837890625
0.0081884765625
0.008427734375
0.0081201171875
0.008544921875
0.0083349609375
0.0087939453125
0.0091357421875
0.008935546875
0.0085888671875
0.007890625
0.0082373046875
0.00857421875
0.008798828125
0.0085400390625
0.0070068359375
0.0085888671875
0.0085400390625
0.008427734375
0.009189453125
0.0095361328125
0.008740234375
0.00822265625
0.009423828125
0.0081689453125
0.0082177734375
0.0087646484375
0.008828125
0.0087890625
0.008388671875
0.0087939453125
0.0085302734375
0.008330078125
0.00869140625
0.008427734375
0.0086083984375
0.008798828125
0.0071630859375
0.0080419921875
0.008779296875
0.0078515625
0.008447265625
0.0096337890625
0.0079931640625
0.0090966796875
0.0080029296875
0.008701171875
0.00783203125
0.0078515625
0.0075830078125
0.0087451171875
0.00779296875
0.008837890625
0.008203125
0.007861328125
0.0082373046875
0.00818359375
0.008125
0.0073974609375
0.00845703125
0.0088427734375
0.0077099609375
0.0083154296875
0.0074951171875
0.007783203125
0.0087890625
0.007578125
0.0085791015625
0.0077294921875
0.0074658203125
0.0083349609375
0.0070654296875
0.007509765625
0.0081396484375
0.00728515625
0.0078271484375
0.0080908203125
0.0074462890625
0.0068408203125
0.007626953125
0.0073779296875
0.0070166015625
0.006884765625
0.00615234375
0.0081982421875
0.0071923828125
0.007529296875
0.00703125
0.0067822265625
0.007666015625
0.0077978515625
0.0061474609375
0.0056396484375
0.006083984375
0.0064599609375
0.005869140625
0.0056982421875
0.0060791015625
0.0066650390625
0.0071826171875
0.005703125
0.0067236328125
0.0059375
0.0056689453125
0.0058056640625
0.0062841796875
0.0050537109375
0.0058544921875
0.005126953125
0.0056787109375
0.0054541015625
0.00501953125
0.005029296875
0.0041943359375
0.0051220703125
0.004873046875
0.0047509765625
0.00470703125
0.003994140625
0.0043798828125
0.004111328125
0.00421875
0.0041943359375
0.0041552734375
0.00353515625
0.003115234375
0.003388671875
0.0027392578125
0.0028466796875
0.0023046875
0.002724609375
0.0020458984375
0.0019384765625
0.0016748046875
0.0010400390625
