0.0
0.00158203125
0.002109375
0.00267578125
0.003544921875
0.00357421875
0.003037109375
0.004296875
0.0042578125
0.0047265625
0.004638671875
0.005068359375
0.005458984375
0.005791015625
0.00525390625
0.005263671875
0.006552734375
0.006923828125
0.006357421875
0.005732421875
0.006904296875
0.006416015625
0.006376953125
0.00740234375
0.00796875
0.008125
0.007099609375
0.007587890625
0.008212890625
0.00876953125
0.0075
0.008369140625
0.007978515625
0.008798828125
0.00853515625
0.009326171875
0.00955078125
0.009169921875
0.0083203125
0.009248046875
0.00806640625
0.009208984375
0.01029296875
0.008583984375
0.00796875
0.008759765625
0.00908203125
0.00966796875
0.01017578125
0.009794921875
0.009794921875
0.009775390625
0.010498046875
0.009970703125
0.01154296875
0.00923828125
0.009140625
0.01064453125
0.008798828125
0.010107421875
0.013017578125
0.010673828125
0.010322265625
0.011103515625
0.011845703125
0.010830078125
0.0103515625
0.011826171875
0.0101953125
0.011962890625
0.011748046875
0.0102734375
0.01232421875
0.01259765625
0.01109375
0.01169921875
0.012109375
0.01134765625
0.011494140625
0.01427734375
0.01123046875
0.011142578125
0.011474609375
0.01337890625
0.0119921875
0.01255859375
0.01298828125
0.01068359375
0.011025390625
0.011650390625
0.01111328125
0.012119140625
0.01197265625
0.012607421875
0.01267578125
0.01337890625
0.01142578125
0.01166015625
0.011591796875
0.012421875
0.0131640625
0.01275390625
0.01236328125
0.011923828125
0.012353515625
0.011513671875
0.012431640625
0.0125
0.011748046875
0.013095703125
0.0128515625
0.0134765625
0.01404296875
0.011015625
0.01158203125
0.01142578125
0.0129296875
0.0129296875
0.012490234375
0.0123828125
0.011201171875
0.012509765625
0.0121875
0.0119140625
0.013173828125
0.013720703125
0.010107421875
0.012958984375
0.011513671875
0.013232421875
0.0128515625
0.01185546875
0.013125
0.012138671875
0.012470703125
0.012119140625
0.01361328125
0.013232421875
0.01259765625
0.012177734375
0.0129296875
0.0110546875
0.01443359375
0.013662109375
0.0126171875
0.0133984375
0.01373046875
0.012158203125
0.01251953125
0.0140625
0.011962890625
0.010732421875
0.012587890625
0.012861328125
0.0140625
0.0114453125
0.012578125
0.01158203125
0.012939453125
0.01068359375
0.011416015625
0.01255859375
0.01392578125
0.010478515625
0.012890625
0.012646484375
0.01193359375
0.010966796875
0.013515625
0.012294921875
0.011826171875
0.01365234375
0.01220703125
0.011220703125
0.0109375
0.0129296875
0.010849609375
0.0134765625
0.012568359375
0.013076171875
0.010166015625
0.010986328125
0.010869140625
0.010498046875
0.01123046875
0.010576171875
0.010771484375
0.012080078125
0.012412109375
0.011376953125
0.011025390625
0.01052734375
0.0103125
0.0105078125
0.011669921875
0.011015625
0.009033203125
0.01078125
0.01078125
0.009765625
0.011015625
0.009921875
0.009912109375
0.011748046875
0.010966796875
0.010146484375
0.010546875
0.00982421875
0.010556640625
0.0099609375
0.00953125
0.009853515625
0.011201171875
0.009404296875
0.009716796875
0.009892578125
0.008388671875
0.009130859375
0.00896484375
0.008681640625
0.007646484375
0.009130859375
0.00732421875
0.00857421875
0.0080078125
0.008037109375
0.00703125
0.007470703125
0.00806640625
0.007744140625
0.0070703125
0.008603515625
0.006669921875
0.007197265625
0.007685546875
0.006708984375
0.00658203125
0.0064453125
0.007392578125
0.006728515625
0.00666015625
0.00634765625
0.005478515625
0.005908203125
0.0049609375
0.0058203125
0.0050390625
0.0041796875
0.004091796875
0.0043359375
0.0037109375
0.002705078125
0.003212890625
0.002353515625
0.001865234375
0.001552734375
