0.0
0.00042382812500000005
0.0007353515625000005
0.0008603515625000002
0.0010712890624999995
0.0012333984375000003
0.0011425781250000006
0.0012431640625000003
0.0012890624999999994
0.001313476562500001
0.0014599609375000005
0.001623046874999999
0.0016181640625000005
0.0017890625000000005
0.0016171874999999997
0.0017734375000000005
0.001960937500000001
0.002133789062500001
0.002188476562500001
0.0020087890625
0.0020175781250000003
0.0021103515624999987
0.0020966796875000002
0.0024609375000000005
0.002296875
0.002518554687500001
0.002302734375
0.0020019531250000003
0.002482421875
0.0024755859375
0.0025703124999999997
0.0024677734375000006
0.0020517578125
0.0028447265624999994
0.0029550781250000015
0.0025556640625
0.0029228515624999995
0.0029912109375000023
0.0028867187499999995
0.003281250000000001
0.0028232421875
0.0028828125000000026
0.0026972656249999983
0.0033212890624999985
0.0030371093750000007
0.0030185546875
0.0029287109374999997
0.003144531250000001
0.002978515624999999
0.003129882812499998
0.003218750000000001
0.003063476562499999
0.003383789062499999
0.003217773437499999
0.003687499999999999
0.0031962890624999997
0.0031748046875000008
0.0030751953124999996
0.0036181640624999988
0.0036796874999999994
0.0033203125
0.003374999999999998
0.003416015625000002
0.0030742187499999997
0.003969726562499998
0.0032177734375000012
0.0031806640624999997
0.003371093750000001
0.0035107421875
0.0035361328124999996
0.003304687500000003
0.0036611328124999975
0.0036240234375000007
0.004030273437500002
0.0033867187499999956
0.004018554687500001
0.0034677734374999997
0.0034599609374999997
0.003916015624999997
0.0033984375000000017
0.003885742187499998
0.0035058593750000016
0.003633789062499999
0.0034218749999999974
0.0041552734375
0.0034951171874999997
0.0038544921875
0.003986328125000002
0.003935546875
0.0038681640625000007
0.0038837890625000003
0.003456054687499999
0.0041601562500000015
0.0037304687500000016
0.004551757812500002
0.0043046875
0.004127929687500001
0.0038115234374999996
0.003816406250000003
0.003965820312500002
0.0034863281250000016
0.003528320312500002
0.0040849609375
0.003677734375000001
0.004002929687499999
0.004090820312499999
0.004115234374999998
0.003866210937499999
0.003792968750000002
0.003822265625000001
0.003598632812500002
0.004200195312500001
0.003946289062499998
0.0041542968750000004
0.003922851562500004
0.0040048828125
0.0036318359375000003
0.0041015625
0.0037802734375000004
0.003719726562500001
0.004246093749999999
0.003707031249999999
0.004408203125
0.003986328125000001
0.0035878906250000043
0.004196289062500003
0.0036220703125000014
0.0032197265624999975
0.004533203125000005
0.003752929687500004
0.0034267578125
0.004439453125000005
0.003867187500000002
0.0036796874999999994
0.004117187500000001
0.0038554687499999995
0.003989257812500004
0.00373046875
0.0037109375
0.003897460937500008
0.004149414062499996
0.003730468749999997
0.004053710937499999
0.004315429687500002
0.004654296875
0.0037460937499999934
0.0037880859375000043
0.0036386718750000004
0.0032607421875
0.0040546875
0.003511718749999999
0.003974609375000001
0.0035712890625000018
0.003795898437499999
0.0038671874999999943
0.004438476562500003
0.0033593749999999978
0.004055664062499996
0.0035625000000000027
0.003475585937499999
0.003587890625
0.0034677734375000036
0.0040117187500000005
0.004098632812499998
0.003069335937500002
0.003777343750000004
0.0034765624999999957
0.003740234375
0.003449218749999999
0.002937500000000001
0.003462890624999998
0.003939453125
0.003837890625
0.004192382812500003
0.003535156249999999
0.00432421875
0.0035283203124999996
0.003260742187500002
0.0038017578124999963
0.0036259765624999975
0.0035927734374999985
0.0036484375000000037
0.0040068359375
0.003311523437499997
0.0036201171875000025
0.0029824218749999985
0.00366210937499999
0.003092773437500003
0.003953125000000004
0.0033701171874999957
0.0038281249999999934
0.0034912109375
0.0034580078125000025
0.003197265625000002
0.003149414062499999
0.0029423828125000016
0.003539062500000002
0.0033027343750000005
0.0027148437500000024
0.0031376953124999927
0.0032968750000000034
0.0031904296875000016
0.003212890625000002
0.003713867187500003
0.002899414062500002
0.002857421875000007
0.00296484375
0.0031611328125000014
0.003216796875000002
0.002739257812500001
0.002719726562499998
0.0031464843749999995
0.0032910156250000057
0.0026845703124999975
0.0029023437500000026
0.002978515625
0.002671874999999999
0.0026015624999999954
0.002770507812499997
0.0024189453125000025
0.0026582031249999995
0.002278320312499994
0.0028925781250000006
0.0020976562499999997
0.0025498046874999967
0.0023144531250000044
0.0025048828125000034
0.002229492187500003
0.002496093750000007
0.002404296875000003
0.0022724609375000017
0.0020966796874999994
0.0023339843750000023
0.002408203125
0.002285156250000002
0.002123046875
0.0021591796875000025
0.0021054687500000023
0.0017128906249999998
0.0020205078124999965
0.0019853515625000017
0.0018603515625000033
0.0016044921874999985
0.0018359374999999956
0.0016484375000000017
0.0014726562499999929
0.0014755859375000025
0.0013671874999999977
0.0011835937500000004
0.0013583984375000059
0.0012587890624999965
0.001043945312500002
0.0009365234375000009
0.0009160156250000018
0.0006640625000000033
0.0005439453125000005
