0.0
0.0026953125
0.0041796875
0.0040625
0.0058984375
0.0060546875
0.0065234375
0.0078125
0.0075
0.0084765625
0.008984375
0.0076171875
0.010234375
0.00828125
0.009765625
0.009921875
0.0090625
0.0100390625
0.0110546875
0.0103515625
0.0115234375
0.01234375
0.0110546875
0.01078125
0.0125
0.012578125
0.0107421875
0.0097265625
0.0112109375
0.01171875
0.010625
0.0119140625
0.0114453125
0.011796875
0.012265625
0.011796875
0.0127734375
0.012578125
0.011953125
0.0125
0.0125390625
0.013046875
0.0166796875
0.013203125
0.0123828125
0.01234375
0.0133203125
0.012890625
0.0130078125
0.0130078125
0.0121484375
0.014140625
0.0128515625
0.0139453125
0.01328125
0.012734375
0.0133984375
0.013203125
0.0117578125
0.0129296875
0.0119140625
0.0108984375
0.012421875
0.0118359375
0.0107421875
0.0109375
0.010703125
0.013125
0.0096875
0.012421875
0.0139453125
0.0141015625
0.0117578125
0.0131640625
0.0116015625
0.0125390625
0.0109375
0.0120703125
0.014296875
0.01515625
0.010390625
0.014375
0.015703125
0.0134375
0.01390625
0.0120703125
0.0133984375
0.015234375
0.0129296875
0.0113671875
0.0125390625
0.0138671875
0.0124609375
0.0127734375
0.0110546875
0.011640625
0.0115234375
0.0099609375
0.01234375
0.011953125
0.0116015625
0.013046875
0.0124609375
0.0119140625
0.0113671875
0.0110546875
0.0119921875
0.0110546875
0.0128515625
0.0105859375
0.0116796875
0.009609375
0.010703125
0.0096875
0.0098046875
0.009375
0.0103515625
0.0091015625
0.0082421875
0.008828125
0.008203125
0.0071875
0.008046875
0.0075390625
0.00578125
0.0058984375
0.004609375
0.003828125
0.0023828125
0.0037890625
0.004609375
0.0065625
0.006015625
0.00671875
0.0076171875
0.00796875
0.0080078125
0.008203125
0.0077734375
0.0103515625
0.0091796875
0.0099609375
0.010703125
0.010390625
0.010703125
0.0098046875
0.0108984375
0.010703125
0.0128515625
0.011640625
0.0121484375
0.0126953125
0.0108984375
0.01140625
0.011328125
0.0119921875
0.0114453125
0.0105859375
0.013203125
0.010234375
0.012109375
0.012265625
0.01171875
0.011953125
0.011640625
0.012890625
0.0126953125
0.0125
0.01296875
0.0133984375
0.0137109375
0.01125
0.0144140625
0.0141796875
0.0117578125
0.0129296875
0.0140625
0.01203125
0.01421875
0.0123828125
0.01296875
0.0112109375
0.011875
0.0140234375
0.0138671875
0.0133203125
0.0125390625
0.0133203125
0.0106640625
0.012109375
0.0115625
0.01125
0.0101953125
0.0112890625
0.0114453125
0.0124609375
0.0139453125
0.013203125
0.0122265625
0.012578125
0.012421875
0.01203125
0.014609375
0.014453125
0.013515625
0.0139453125
0.0130859375
0.0142578125
0.01484375
0.01296875
0.0127734375
0.0119140625
0.0133984375
0.0126171875
0.0126171875
0.0134765625
0.0135546875
0.0116796875
0.012890625
0.0126171875
0.0133203125
0.011171875
0.0129296875
0.0125390625
0.0130859375
0.009921875
0.011484375
0.01109375
0.0122265625
0.0120703125
0.0106640625
0.00984375
0.0116796875
0.011328125
0.0123046875
0.0097265625
0.0106640625
0.0110546875
0.010546875
0.010859375
0.0083203125
0.01046875
0.00890625
0.009765625
0.009375
0.0090625
0.00828125
0.0073046875
0.007109375
0.0081640625
0.0062109375
0.006640625
0.005390625
0.0046875
0.00375
0.0030078125
